time;Lat;Lon;length;width;min_lon;max_lon;min_lat;max_lat;min_max_zeta_850_lat;min_max_zeta_850_lon;min_max_zeta_850;min_hgt_850_lat;min_hgt_850_lon;min_hgt_850;max_wind_850_lat;max_wind_850_lon;max_wind_850
2024-02-14-2100;-24.75;-43.75;5.0;5.0;-46.25;-41.25;-27.25;-22.25;-25.0;-45.75;-0.0005961672071821255;-25.0;-45.75;1514.687255859375;-24.5;-45.75;13.875685691833496
2024-02-15-0000;-24.5;-43.0;5.0;5.0;-45.5;-40.5;-27.0;-22.0;-24.5;-45.5;-0.00025023081065075767;-27.0;-41.25;1530.3873291015625;-23.25;-45.5;10.048372268676758
2024-02-15-0300;-24.0;-42.25;5.0;5.0;-44.75;-39.75;-26.5;-21.5;-24.75;-44.5;-0.00025541208113136595;-26.5;-40.0;1526.1988525390625;-23.75;-43.5;8.368728637695312
2024-02-15-0600;-24.5;-41.0;5.0;5.0;-43.5;-38.5;-27.0;-22.0;-26.25;-40.25;-9.941927222894192e-05;-27.0;-39.75;1516.378173828125;-23.25;-39.25;8.881308555603027
2024-02-15-0900;-25.0;-42.0;5.0;5.0;-44.5;-39.5;-27.5;-22.5;-24.25;-44.5;-0.00032789458734366406;-24.25;-44.25;1512.600830078125;-22.75;-39.5;8.889627456665039
2024-02-15-1200;-25.0;-40.5;5.0;5.0;-43.0;-38.0;-27.5;-22.5;-24.0;-42.25;-0.00013967041020464585;-25.25;-40.5;1523.6324462890625;-23.25;-38.0;12.335968971252441
2024-02-15-1500;-25.25;-40.0;5.0;5.0;-42.5;-37.5;-27.75;-22.75;-23.75;-42.5;-0.00013661083352005239;-25.0;-40.75;1528.05224609375;-23.5;-38.0;13.607462882995605
2024-02-15-1800;-25.0;-40.25;5.0;5.0;-42.75;-37.75;-27.5;-22.5;-25.0;-38.0;-0.00015707426042773558;-25.0;-40.5;1517.8160400390625;-24.25;-37.75;13.96823787689209
2024-02-15-2100;-25.5;-40.25;5.0;5.0;-42.75;-37.75;-28.0;-23.0;-25.25;-37.75;-0.00015414885945153525;-25.0;-40.5;1516.3602294921875;-24.25;-37.75;15.866948127746582
2024-02-16-0000;-24.75;-40.75;5.0;5.0;-43.25;-38.25;-27.25;-22.25;-23.5;-39.25;-0.00018726701125777859;-24.75;-40.5;1522.3350830078125;-23.25;-38.25;14.982882499694824
2024-02-16-0300;-24.75;-40.75;5.0;5.0;-43.25;-38.25;-27.25;-22.25;-23.5;-38.25;-0.000190776837337711;-24.5;-40.5;1517.6328125;-22.5;-38.25;15.759546279907227
2024-02-16-0600;-24.5;-40.75;5.0;5.0;-43.25;-38.25;-27.0;-22.0;-24.25;-38.25;-0.00022760250311058223;-24.25;-39.0;1503.67236328125;-23.0;-38.25;14.2761869430542
2024-02-16-0900;-24.75;-40.5;5.0;5.0;-43.0;-38.0;-27.25;-22.25;-24.25;-38.0;-0.00026498408500761554;-24.25;-38.5;1505.2779541015625;-23.25;-38.0;15.446249008178711
2024-02-16-1200;-24.0;-39.75;5.0;5.0;-42.25;-37.25;-26.5;-21.5;-24.5;-38.0;-0.00030327493241699113;-24.5;-38.25;1517.91650390625;-24.0;-37.5;16.060565948486328
2024-02-16-1500;-24.75;-39.0;5.0;5.0;-41.5;-36.5;-27.25;-22.25;-25.0;-38.25;-0.00035590057181185625;-25.0;-38.5;1511.554443359375;-24.5;-36.5;17.33405876159668
2024-02-16-1800;-25.0;-39.0;5.0;5.0;-41.5;-36.5;-27.5;-22.5;-25.25;-38.75;-0.00031117986651042485;-25.25;-38.75;1497.9925537109375;-25.0;-36.75;19.108579635620117
2024-02-16-2100;-25.0;-39.25;5.0;5.0;-41.75;-36.75;-27.5;-22.5;-25.75;-37.75;-0.0003434662777287978;-25.0;-39.25;1490.728271484375;-25.5;-37.0;19.43836784362793
2024-02-17-0000;-24.5;-39.5;5.0;5.0;-42.0;-37.0;-27.0;-22.0;-26.0;-38.5;-0.00027959794673982036;-24.75;-39.25;1501.2811279296875;-26.0;-37.75;18.925010681152344
2024-02-17-0300;-24.5;-39.5;5.0;5.0;-42.0;-37.0;-27.0;-22.0;-22.75;-37.25;-0.000223790941529057;-24.75;-39.25;1487.857177734375;-24.75;-37.0;19.810245513916016
2024-02-17-0600;-24.5;-39.5;5.0;5.0;-42.0;-37.0;-27.0;-22.0;-25.25;-38.25;-0.00024318612390255038;-24.75;-39.25;1474.607177734375;-25.5;-37.75;21.196813583374023
2024-02-17-0900;-25.0;-39.25;5.0;5.0;-41.75;-36.75;-27.5;-22.5;-25.0;-39.75;-0.00025061378024124044;-25.0;-39.5;1476.1956787109375;-26.0;-38.0;17.881669998168945
2024-02-17-1200;-25.0;-39.5;5.0;5.0;-42.0;-37.0;-27.5;-22.5;-25.0;-40.0;-0.00025323763632868046;-25.0;-39.5;1480.633544921875;-26.5;-39.25;15.609234809875488
2024-02-17-1500;-25.0;-39.25;5.0;5.0;-41.75;-36.75;-27.5;-22.5;-26.0;-36.75;-0.0002807347670647374;-25.0;-39.5;1475.10546875;-26.75;-36.75;16.083885192871094
2024-02-17-1800;-25.0;-39.25;5.0;5.0;-41.75;-36.75;-27.5;-22.5;-25.25;-39.75;-0.0002542514941219467;-25.0;-39.25;1464.12646484375;-26.75;-39.5;16.1495304107666
2024-02-17-2100;-25.0;-39.25;5.0;5.0;-41.75;-36.75;-27.5;-22.5;-25.0;-39.0;-0.0002439737780215058;-25.25;-39.25;1456.5594482421875;-26.5;-39.75;16.882415771484375
2024-02-18-0000;-25.25;-39.25;5.0;5.0;-41.75;-36.75;-27.75;-22.75;-24.75;-40.0;-0.00024362200509379567;-25.25;-39.25;1460.5936279296875;-27.5;-39.25;18.07370376586914
2024-02-18-0300;-25.5;-39.5;5.0;5.0;-42.0;-37.0;-28.0;-23.0;-26.0;-39.0;-0.00023633277024555772;-25.5;-39.5;1452.6080322265625;-25.25;-38.0;19.250896453857422
2024-02-18-0600;-26.0;-39.5;5.0;5.0;-42.0;-37.0;-28.5;-23.5;-25.75;-38.75;-0.00022533568400882095;-26.0;-39.5;1442.4327392578125;-25.0;-38.0;18.614221572875977
2024-02-18-0900;-26.25;-39.75;5.0;5.0;-42.25;-37.25;-28.75;-23.75;-26.25;-38.75;-0.00022084996040058503;-26.25;-39.75;1446.583740234375;-26.5;-37.5;19.157142639160156
2024-02-18-1200;-26.75;-39.75;5.0;5.0;-42.25;-37.25;-29.25;-24.25;-27.25;-39.75;-0.00023211898819139228;-27.0;-39.75;1452.6541748046875;-26.75;-37.75;19.753467559814453
2024-02-18-1500;-27.5;-40.0;5.0;5.0;-42.5;-37.5;-30.0;-25.0;-27.75;-40.5;-0.0002909606154694169;-27.5;-40.25;1447.828125;-28.5;-38.5;20.570993423461914
2024-02-18-1800;-27.75;-40.75;5.0;5.0;-43.25;-38.25;-30.25;-25.25;-27.75;-41.0;-0.0002716436983930819;-27.75;-40.75;1430.53076171875;-29.0;-38.75;21.298471450805664
2024-02-18-2100;-28.25;-41.0;5.0;5.0;-43.5;-38.5;-30.75;-25.75;-28.75;-43.25;-0.00026333131057982196;-28.25;-41.0;1423.468017578125;-29.5;-39.0;21.450328826904297
2024-02-19-0000;-28.75;-41.5;5.0;5.0;-44.0;-39.0;-31.25;-26.25;-29.0;-42.0;-0.0003156658715278311;-28.75;-41.5;1411.58203125;-30.25;-40.25;24.852209091186523
2024-02-19-0300;-29.0;-42.0;5.0;5.0;-44.5;-39.5;-31.5;-26.5;-28.75;-42.25;-0.00030580628861187023;-29.0;-42.0;1404.389404296875;-31.0;-40.75;25.72776985168457
2024-02-19-0600;-29.5;-42.25;5.0;5.0;-44.75;-39.75;-32.0;-27.0;-29.0;-42.75;-0.000319504536743627;-29.5;-42.25;1389.6337890625;-28.75;-40.5;23.043886184692383
2024-02-19-0900;-30.0;-42.25;5.0;5.0;-44.75;-39.75;-32.5;-27.5;-29.0;-42.25;-0.00033820547475221666;-29.75;-42.25;1391.5218505859375;-30.0;-40.25;23.729917526245117
2024-02-19-1200;-30.25;-42.0;5.0;5.0;-44.5;-39.5;-32.75;-27.75;-29.25;-41.75;-0.0004735296038913376;-30.25;-42.25;1370.2855224609375;-29.5;-41.0;29.93400001525879
2024-02-19-1500;-31.0;-42.0;5.0;5.0;-44.5;-39.5;-33.5;-28.5;-31.0;-41.5;-0.0004212153406689856;-31.0;-42.0;1370.5491943359375;-31.0;-40.5;29.963850021362305
2024-02-19-1800;-31.5;-42.0;5.0;5.0;-44.5;-39.5;-34.0;-29.0;-32.0;-41.5;-0.0004579714163535274;-31.5;-42.0;1364.572265625;-31.75;-40.0;28.990793228149414
2024-02-19-2100;-31.75;-42.0;5.0;5.0;-44.5;-39.5;-34.25;-29.25;-32.75;-41.75;-0.0005332723789578296;-31.75;-42.0;1358.374267578125;-32.75;-40.0;26.398374557495117
2024-02-20-0000;-31.75;-42.25;5.0;5.0;-44.75;-39.75;-34.25;-29.25;-33.0;-42.5;-0.00046725341098344535;-31.75;-42.25;1360.3846435546875;-33.25;-43.0;25.995529174804688
2024-02-20-0300;-32.0;-42.25;5.0;5.0;-44.75;-39.75;-34.5;-29.5;-31.75;-42.25;-0.0004423899712173158;-32.0;-42.25;1359.4852294921875;-32.0;-40.0;25.588342666625977
2024-02-20-0600;-32.25;-42.0;5.0;5.0;-44.5;-39.5;-34.75;-29.75;-32.0;-42.0;-0.00040208758437250603;-32.25;-42.0;1352.1417236328125;-32.25;-39.75;23.137163162231445
2024-02-20-0900;-32.25;-41.75;5.0;5.0;-44.25;-39.25;-34.75;-29.75;-32.5;-42.0;-0.00037562362597500464;-32.25;-42.0;1362.17236328125;-31.0;-42.0;22.05068016052246
2024-02-20-1200;-32.25;-42.0;5.0;5.0;-44.5;-39.5;-34.75;-29.75;-32.25;-42.0;-0.00038269082384763864;-32.25;-42.0;1375.293212890625;-30.5;-41.5;20.2474422454834
2024-02-20-1500;-32.25;-41.75;5.0;5.0;-44.25;-39.25;-34.75;-29.75;-32.0;-41.75;-0.00036654086824494875;-32.25;-41.75;1383.623046875;-33.25;-42.75;18.614303588867188
2024-02-20-1800;-32.25;-41.5;5.0;5.0;-44.0;-39.0;-34.75;-29.75;-32.0;-41.5;-0.0003597163173163594;-32.0;-41.5;1382.8438720703125;-33.25;-42.75;19.072742462158203
2024-02-20-2100;-32.0;-41.5;5.0;5.0;-44.0;-39.0;-34.5;-29.5;-32.25;-41.25;-0.0003445973678227495;-32.0;-41.5;1391.0330810546875;-33.25;-42.25;19.7022647857666
2024-02-21-0000;-32.25;-41.5;5.0;5.0;-44.0;-39.0;-34.75;-29.75;-33.0;-41.25;-0.00035789797869205267;-32.25;-41.5;1410.421630859375;-33.25;-42.25;21.911270141601562
2024-02-21-0300;-32.25;-42.0;5.0;5.0;-44.5;-39.5;-34.75;-29.75;-32.0;-41.75;-0.0002975294300796052;-32.25;-42.0;1415.7803955078125;-33.5;-42.75;20.542116165161133
2024-02-21-0600;-32.25;-42.25;5.0;5.0;-44.75;-39.75;-34.75;-29.75;-32.25;-42.0;-0.000300878847589763;-32.25;-42.25;1415.7230224609375;-34.0;-42.5;16.960420608520508
2024-02-21-0900;-32.25;-42.5;5.0;5.0;-45.0;-40.0;-34.75;-29.75;-32.25;-42.0;-0.0002765572156830714;-32.25;-42.25;1426.4049072265625;-34.0;-42.5;15.514334678649902
2024-02-21-1200;-32.5;-42.25;5.0;5.0;-44.75;-39.75;-35.0;-30.0;-32.5;-42.25;-0.0002714461366648505;-32.5;-42.5;1440.793701171875;-33.75;-40.75;15.440425872802734
2024-02-21-1500;-32.75;-42.5;5.0;5.0;-45.0;-40.0;-35.25;-30.25;-32.75;-42.5;-0.0002485509505167782;-32.5;-42.75;1444.151611328125;-34.0;-41.25;15.859598159790039
2024-02-21-1800;-32.75;-42.75;5.0;5.0;-45.25;-40.25;-35.25;-30.25;-33.0;-42.5;-0.00023895922455500373;-32.75;-42.75;1439.4190673828125;-33.5;-41.5;15.224005699157715
2024-02-21-2100;-33.0;-43.25;5.0;5.0;-45.75;-40.75;-35.5;-30.5;-33.0;-43.0;-0.0002227544265370286;-32.75;-43.25;1439.6046142578125;-33.5;-41.5;14.628289222717285
2024-02-22-0000;-33.0;-43.5;5.0;5.0;-46.0;-41.0;-35.5;-30.5;-33.0;-43.25;-0.00022063097761521836;-33.0;-43.5;1450.9744873046875;-33.5;-41.75;14.83746337890625
2024-02-22-0300;-33.25;-44.0;5.0;5.0;-46.5;-41.5;-35.75;-30.75;-33.25;-43.75;-0.000195384632669975;-33.0;-44.0;1454.7052001953125;-33.75;-42.0;14.251580238342285
2024-02-22-0600;-33.5;-44.0;5.0;5.0;-46.5;-41.5;-36.0;-31.0;-33.5;-43.75;-0.0001952902377478876;-33.25;-44.0;1446.1683349609375;-34.0;-42.25;12.89926528930664
2024-02-22-0900;-33.75;-44.25;5.0;5.0;-46.75;-41.75;-36.25;-31.25;-33.5;-43.75;-0.0001752529166620604;-33.5;-44.25;1459.254150390625;-31.25;-41.75;11.927786827087402
2024-02-22-1200;-33.75;-44.5;5.0;5.0;-47.0;-42.0;-36.25;-31.25;-33.5;-44.0;-0.00015652152636211488;-33.75;-44.25;1469.9483642578125;-35.0;-43.25;10.672722816467285
2024-02-22-1500;-34.0;-44.5;5.0;5.0;-47.0;-42.0;-36.5;-31.5;-35.0;-44.25;-0.00015538957468585871;-34.0;-44.25;1473.751953125;-35.0;-43.25;10.57479476928711
2024-02-22-1800;-34.25;-44.75;5.0;5.0;-47.25;-42.25;-36.75;-31.75;-34.25;-44.0;-0.00014960469290237918;-34.25;-44.75;1468.5985107421875;-33.0;-42.25;10.603981971740723
2024-02-22-2100;-34.25;-44.75;5.0;5.0;-47.25;-42.25;-36.75;-31.75;-34.25;-44.0;-0.0001401089894334465;-34.5;-45.0;1465.802978515625;-33.0;-42.25;11.05947208404541
