time;Lat;Lon;length;width;min_lon;max_lon;min_lat;max_lat;min_max_zeta_850_lat;min_max_zeta_850_lon;min_max_zeta_850;min_hgt_850_lat;min_hgt_850_lon;min_hgt_850;max_wind_850_lat;max_wind_850_lon;max_wind_850
2024-10-04-0000;18.594324458683158;-95.47957357490057;5.563676535572256;5.657976137870094;-98.30856164383562;-92.65058550596552;15.81248619089703;21.376162726469286;18.75;-95.0;-0.0002443808392583736;18.0;-98.0;1482.4462890625;18.75;-95.25;14.47432804107666
2024-10-04-0300;18.62368261157755;-95.19667476800709;5.469376933274415;3.960583296509057;-97.17696641626162;-93.21638311975255;15.888994144940343;21.35837107821476;18.75;-95.0;-0.00022637660613394574;16.0;-95.0;1497.469970703125;16.25;-94.25;14.394102096557617
2024-10-04-0600;18.821177640300483;-95.14952496685815;4.809279717189572;5.3750773309765805;-97.83706363234644;-92.46198630136986;16.4165377817057;21.225817498895267;19.0;-95.0;-0.0002512965710562274;19.0;-95.0;1496.4251708984375;19.0;-95.5;15.013116836547852
2024-10-04-0900;19.05692664604507;-95.14952496685817;5.280777728678746;5.752275740167917;-98.02566283694213;-92.2733870967742;16.4165377817057;21.697315510384442;19.0;-95.0;-0.00026640172392088785;19.0;-95.0;1486.396484375;18.75;-95.5;15.644463539123535
2024-10-04-1200;20.14137207247017;-95.62102297834733;8.204065399911624;7.449668581528954;-99.3458572691118;-91.89618868758285;16.039339372514355;24.243404772425983;19.0;-95.0;-0.00026476230153311096;16.25;-99.25;1499.3612060546875;20.0;-96.5;13.704784393310547
2024-10-04-1500;20.235671674768003;-95.38527397260275;10.467255855059655;8.298365002209465;-99.53445647370748;-91.23609147149801;15.002043747238176;25.46929960229783;19.25;-94.75;-0.0002723025556699125;15.25;-99.5;1512.3804931640625;18.5;-93.75;13.13195514678955
2024-10-04-1800;21.555866106937692;-95.29097437030491;7.638267786124619;9.241361025187814;-99.91165488289882;-90.670293857711;17.736732213875385;25.375;20.75;-96.0;-0.00022658946389393202;18.0;-98.0;1508.0052490234375;20.25;-96.5;13.434450149536133
2024-10-04-2100;21.178667697746352;-95.2909743703049;8.392664604507296;8.675563411400802;-99.62875607600529;-90.9531926646045;16.982335395492704;25.375;20.75;-96.0;-0.00022378991201457585;17.75;-98.5;1485.2803955078125;20.25;-96.25;14.048733711242676
2024-10-05-0000;21.36726690234202;-95.33812417145381;7.449668581528947;7.638267786124615;-99.15725806451613;-91.5189902783915;17.642432611577547;25.092101193106494;20.5;-95.75;-0.00023938086820233118;20.5;-95.75;1496.1634521484375;20.0;-96.0;16.950725555419922
2024-10-05-0300;21.272967300044186;-95.43242377375165;6.883870967741938;8.76986301369864;-99.81735528060096;-91.04749226690234;17.831031816173216;24.714902783915157;20.5;-95.75;-0.0003302213745844379;20.5;-95.25;1506.3653564453125;22.5;-97.75;19.271093368530273
2024-10-05-0600;22.027364118426867;-96.6111688024746;6.69527176314627;6.78957136544409;-100.00595448519664;-93.21638311975255;18.679728236853734;25.375;20.5;-95.25;-0.00030719982786275944;20.75;-95.25;1499.0767822265625;21.75;-97.75;17.768482208251953
2024-10-05-0900;21.697315510384442;-95.90392178524084;6.035174547061427;8.76986301369864;-100.28885329209015;-91.51899027839153;18.679728236853727;24.714902783915157;21.0;-95.0;-0.0003112775585490758;21.25;-95.0;1481.7655029296875;22.75;-98.75;16.75567054748535
2024-10-05-1200;22.31026292532037;-96.0925209898365;6.129474149359261;8.015466195315952;-100.10025408749448;-92.08478789217853;19.24552585064074;25.375;21.5;-94.5;-0.0002755415774901524;21.75;-94.75;1494.149169921875;22.0;-98.75;14.897200584411621
2024-10-05-1500;22.404562527618204;-96.04537118868758;7.072470172337606;9.052761820592139;-100.57175209898365;-91.51899027839151;18.868327441449402;25.940797613787005;22.25;-94.5;-0.00026019968975561994;22.25;-95.0;1509.9443359375;21.75;-93.5;14.875540733337402
2024-10-05-1800;22.593161732213872;-96.46971939902784;7.44966858152895;10.090057445868311;-101.51474812196199;-91.42469067609369;18.868327441449395;26.31799602297835;22.75;-95.0;-0.00025455322453093126;22.75;-95.0;1504.1085205078125;21.75;-93.5;14.354293823242188
2024-10-05-2100;22.64031153336279;-96.0453711886876;7.543968183826781;10.938753866548822;-101.51474812196201;-90.57599425541318;18.868327441449402;26.41229562527618;23.25;-95.0;-0.00025016450585087495;23.0;-95.0;1484.8553466796875;22.25;-93.5;14.105677604675293
2024-10-06-0000;22.64031153336279;-96.18682059213434;7.166769774635441;8.015466195315952;-100.19455368979231;-92.17908749447636;19.05692664604507;26.22369642068051;23.5;-95.25;-0.0002664539026300556;22.75;-95.25;1479.9627685546875;23.25;-98.75;16.660608291625977
2024-10-06-0300;22.489966305788776;-95.05522536456033;7.543968183826781;8.76986301369864;-99.44015687140964;-90.67029385771102;18.717982213875388;26.261950397702165;23.5;-95.5;-0.00028426680664597997;23.25;-95.25;1492.115234375;23.25;-98.75;15.418410301208496
2024-10-06-0600;22.546011931064953;-95.29097437030491;7.732567388422449;7.921166593018114;-99.25155766681397;-91.33039107379585;18.679728236853727;26.41229562527618;23.75;-95.5;-0.0002606269173678041;23.0;-95.5;1483.2564697265625;23.5;-96.5;16.004608154296875
2024-10-06-0900;23.01750994255413;-95.52672337604949;7.921166593018121;9.524259832081313;-100.28885329209015;-90.76459346000883;19.05692664604507;26.978093239063192;22.75;-95.75;-0.00028249822013265674;22.75;-95.5;1461.8751220703125;23.25;-96.5;18.524744033813477
2024-10-06-1200;22.82891073795846;-94.96092576226249;7.3553689792311125;8.769863013698625;-99.3458572691118;-90.57599425541318;19.1512262483429;26.506595227574017;22.25;-95.0;-0.0002762465125975887;22.5;-95.0;1433.9085693359375;21.5;-96.0;24.3675594329834
2024-10-06-1500;22.64031153336279;-94.96092576226249;6.412372956252767;8.392664604507289;-99.15725806451613;-90.76459346000885;19.434125055236407;25.846498011489174;22.5;-94.5;-0.00034327480884682325;22.5;-94.5;1445.5516357421875;21.0;-95.25;23.75154685974121
2024-10-06-1800;22.498862129916038;-94.53657755192222;7.449668581528947;8.675563411400802;-98.87435925762261;-90.19879584622183;18.774027839151564;26.22369642068051;22.5;-94.5;-0.00029861257474985683;22.5;-94.25;1441.70068359375;20.75;-94.25;24.88572883605957
2024-10-06-2100;22.546011931064957;-93.78218073353955;6.6009721608484355;8.486964206805126;-98.0256628369421;-89.53869863013699;19.24552585064074;25.846498011489174;22.5;-93.75;-0.0002763725394616774;22.5;-93.75;1408.588134765625;21.0;-93.25;25.100557327270508
2024-10-07-0000;22.121663720724698;-93.49928192664605;7.826866990720287;8.298365002209465;-97.64846442775078;-89.35009942554132;18.208230225364552;26.035097216084843;22.5;-93.5;-0.00029115893064591723;22.25;-93.5;1404.2730712890625;22.0;-94.25;24.61160659790039
2024-10-07-0300;22.310262925320366;-93.59358152894387;6.318073353954926;7.166769774635455;-97.17696641626159;-90.01019664162615;19.1512262483429;25.46929960229783;22.5;-93.5;-0.0003031429499159233;22.25;-93.25;1402.451904296875;22.25;-94.25;28.974929809570312
2024-10-07-0600;22.168813521873616;-93.0749337163058;6.789571365444104;8.015466195315966;-97.08266681396378;-89.0672006186478;18.774027839151564;25.56359920459567;22.5;-93.0;-0.000337892496792815;22.0;-93.0;1395.8990478515625;22.75;-93.5;27.472614288330078
2024-10-07-0900;22.065618095448517;-92.69773530711444;7.07247017233761;7.072470172337617;-96.23397039328324;-89.16150022094564;18.529383009279712;25.601853181617322;22.25;-92.5;-0.00021641973598839417;22.0;-92.5;1378.1324462890625;21.75;-93.5;26.486892700195312
2024-10-07-1200;22.272008948298712;-92.41483650022094;7.07247017233761;8.392664604507303;-96.6111688024746;-88.21850419796729;18.735773862129907;25.808244034467517;22.0;-92.25;-0.00026679620705605435;21.75;-92.25;1373.1259765625;22.0;-93.0;26.51491355895996
2024-10-07-1500;21.989110141405206;-91.56614007954045;7.072470172337606;8.76986301369864;-95.95107158638976;-87.18120857269113;18.452875055236404;25.525345227574007;21.75;-92.0;-0.00015158958907734063;21.75;-91.75;1374.8857421875;21.5;-92.5;29.49463653564453
2024-10-07-1800;22.027364118426867;-91.00034246575342;7.072470172337606;6.695271763146266;-94.34797834732655;-87.6527065841803;18.491129032258065;25.56359920459567;22.0;-91.75;-5.1496298993121924e-05;21.75;-91.5;1355.3402099609375;21.5;-92.0;30.535432815551758
2024-10-07-2100;22.027364118426867;-91.00034246575342;6.69527176314627;7.638267786124615;-94.81947635881573;-87.1812085726911;18.679728236853734;25.375;21.75;-91.25;-5.846780234147197e-05;21.75;-91.0;1335.1143798828125;21.25;-91.75;30.612443923950195
2024-10-08-0000;21.76164815626214;-90.43461536123263;6.846350861819108;7.607056513132349;-94.23814361779881;-86.63108710466645;18.338472725352588;25.184823587171692;21.75;-90.75;-4.4276566717549686e-05;21.75;-90.5;1332.2269287109375;21.25;-91.0;32.52740478515625
2024-10-08-0300;21.697315510384442;-90.10449624392399;7.3553689792311125;8.486964206805126;-94.34797834732655;-85.86101414052143;18.019631020768884;25.375;21.5;-90.25;-7.670925340466363e-05;21.75;-90.0;1333.027587890625;21.25;-90.75;34.42668914794922
2024-10-08-0600;22.594224057220742;-89.25579982324348;7.732567388422449;9.807158638974826;-94.1593791427309;-84.35222050375606;18.727940363009516;26.46050775143197;21.75;-89.5;-8.292900730392494e-05;22.0;-89.5;1324.0528564453125;21.25;-88.75;31.73423194885254
2024-10-08-0900;22.63361018562007;-88.83145161290322;7.826866990720287;8.9584622182943;-93.31068272205037;-84.35222050375607;18.720176690259926;26.547043680980217;22.25;-88.75;-5.643000399877648e-05;22.25;-88.75;1292.9949951171875;21.75;-88.25;32.24834442138672
2024-10-08-1200;22.44956915598762;-89.21186478126381;8.011179849756964;7.111047282368531;-92.76738842244808;-85.65634114007955;18.44397923110914;26.455159080866103;22.5;-88.75;-3.650968627702754e-05;22.5;-88.75;1284.97265625;22.75;-89.25;30.504165649414062
2024-10-08-1500;22.64920735749005;-88.31280380026513;8.769863013698636;9.241361025187814;-92.93348431285904;-83.69212328767122;18.26427585064073;27.03413886433937;22.5;-88.5;-5.0235536911877475e-05;22.5;-88.5;1296.5479736328125;22.5;-89.25;30.661113739013672
2024-10-08-1800;22.64031153336279;-88.17135439681837;7.921166593018118;8.9584622182943;-92.65058550596552;-83.69212328767122;18.679728236853734;26.600894829871848;22.5;-88.0;-4.483107459152136e-05;22.5;-88.0;1292.316162109375;21.75;-87.75;31.18463134765625
2024-10-08-2100;23.21500497127706;-87.6527065841803;8.392664604507296;9.052761820592139;-92.17908749447636;-83.12632567388422;19.018672669023413;27.41133727353071;23.0;-87.5;-4.4068248474197854e-05;23.0;-87.5;1274.115478515625;22.5;-86.75;30.629863739013672
2024-10-09-0000;22.743506959787887;-86.04961334511711;8.204065399911624;10.750154661953175;-91.42469067609369;-80.67453601414053;18.641474259832073;26.8455396597437;23.0;-87.0;-5.608718202144059e-05;23.0;-87.0;1276.5389404296875;22.5;-87.5;34.129615783691406
2024-10-09-0300;23.771906760936808;-86.70971056120193;11.127353071144505;10.938753866548836;-92.17908749447635;-81.24033362792751;18.208230225364556;29.33558329650906;23.25;-86.25;-6.219769816023789e-05;23.25;-86.5;1293.98876953125;23.25;-85.75;31.16726303100586
2024-10-09-0600;24.045909743703056;-86.52111135660627;10.090057445868332;11.127353071144512;-92.08478789217853;-80.95743482103401;19.00088102076889;29.090938466637223;24.0;-85.75;-7.129953603032102e-05;24.0;-85.75;1289.384521484375;23.75;-85.0;34.47846984863281
2024-10-09-0900;24.290554573574898;-86.09676314626601;10.090057445868318;11.410251878037997;-91.80188908528501;-80.39163720724702;19.24552585064074;29.335583296509057;24.75;-85.25;-6.982012107862161e-05;24.75;-85.25;1276.9237060546875;24.5;-84.5;37.014793395996094
2024-10-09-1200;24.903501988510826;-85.34236632788333;9.052761820592139;11.03305346884666;-90.85889306230666;-79.82583959345999;20.377121078214756;29.429882898806895;25.0;-85.0;-6.235095707578742e-05;25.0;-85.0;1264.2847900390625;24.75;-84.0;33.498287200927734
2024-10-09-1500;24.800306562085723;-84.30507070260715;10.090057445868322;10.844454264250999;-89.72729783473265;-78.88284357048165;19.75527783915156;29.845335285019885;26.0;-84.25;-6.289078739603774e-05;25.75;-84.5;1268.4210205078125;25.0;-81.25;35.957847595214844
2024-10-09-1800;26.412295625276183;-84.39937030490498;9.995757843570487;11.787450287229348;-90.29309544851965;-78.5056451612903;21.41441670349094;31.410174547061427;26.25;-84.75;-9.320348428550662e-05;26.25;-84.25;1246.08837890625;26.75;-85.0;40.17692565917969
2024-10-09-2100;26.41229562527618;-83.3149248784799;10.372956252761824;12.447547503314198;-89.53869863013699;-77.09115112682281;21.225817498895267;31.59877375165709;27.25;-83.75;-0.00020388367632204397;26.5;-83.75;1213.0787353515625;26.75;-84.5;46.486724853515625
2024-10-10-0000;26.930943437914273;-81.38178303137428;8.015466195315952;10.655855059655323;-86.70971056120194;-76.05385550154662;22.923210340256297;30.93867653557225;27.5;-82.75;-0.00022769346273469442;27.25;-82.75;1209.988525390625;27.5;-83.5;47.05576705932617
2024-10-10-0300;27.779639858594784;-81.00458462218293;8.204065399911627;11.033053468846674;-86.52111135660627;-75.4880578877596;23.67760715863897;31.881672558550598;27.75;-82.0;-0.00016532636233781045;27.5;-82.0;1233.9019775390625;28.25;-82.75;46.05501937866211
2024-10-10-0600;27.985384445426423;-80.93064516129033;7.741140079540436;10.351524524966862;-86.10640742377376;-75.7548828988069;24.114814405656205;31.85595448519664;28.5;-81.5;-0.00014677245330771513;28.25;-81.25;1251.5941162109375;27.75;-80.0;44.51750564575195
2024-10-10-0900;28.486886875828553;-79.73153999116215;8.86416261599648;11.504551480335849;-85.48381573133008;-73.97926425099422;24.054805567830314;32.91896818382679;29.0;-80.5;-0.00015476477239259628;28.5;-80.5;1255.944580078125;27.25;-79.5;40.88397979736328
2024-10-10-1200;28.76978568272205;-79.63724038886433;8.675563411400795;9.995757843570487;-84.63511931064957;-74.63936146707908;24.43200397702165;33.107567388422446;29.5;-79.25;-0.00015388460568764806;29.0;-79.5;1284.2445068359375;28.5;-78.25;40.07918930053711
2024-10-10-1500;29.194133893062308;-78.78854396818383;8.9584622182943;10.750154661953175;-84.16362129916041;-73.41346663720725;24.714902783915157;33.67336500220946;29.75;-78.5;-0.00016479051813859014;29.25;-78.5;1281.1104736328125;29.0;-77.25;36.87222671508789
2024-10-10-1800;29.61848210340256;-76.94970172337604;8.298365002209458;11.976049491825023;-82.93772646928855;-70.96167697746353;25.46929960229783;33.76766460450729;30.0;-77.25;-0.0001945899116579372;29.5;-77.5;1293.237548828125;28.5;-77.0;37.03755569458008
